1.0 0.0  0.0 0.0 0.0 1.0  0.0 0.0 0.0 0.0  1.0 0.0 
0.9967341143403978 -0.009037409344293675  -0.08024606247291169 -0.10165574452409626 0.008461669271284727 0.9999359840828187  -0.007511849936483804 0.005495801250403609 0.0803088131104312 0.006808301452530527  0.9967467790608231 0.07366445701498492 
0.9966592007968095 -0.007514654293317241  -0.08132630225158999 -0.10631071698861883 0.006913571494690577 0.9999466848020769  -0.007670077087196731 0.003688650490361489 0.08137960430140248 0.007082197694760231  0.9966580168139719 0.08190557669292531 
0.9964119547882535 -0.007039601072098634  -0.08434251817320346 -0.10515376653016506 0.006462174040400514 0.9999537913331393  -0.007117268096119012 0.006326148103253715 0.08438872354599886 0.0065466949849651325  0.9964114030474815 0.08749644682272617 
0.9960482222067746 -0.008112221565800083  -0.08844281146589086 -0.10675334423156457 0.007512450584580014 0.9999464883000002  -0.0071122164415674035 0.002771047060711851 0.08849577461629449 0.006419688291874174  0.9960558646367669 0.10368460376661659 
0.9961713227586616 -0.008267597591082669  -0.0870306988558083 -0.09972783089996873 0.007857911657683478 0.9999563798833191  -0.005048916223042505 -0.00012537630086750795 0.0870686449741726 0.004345706009290521  0.9961928357008207 0.11302429821420645 
0.9961340437465106 -0.009186567080866377  -0.08736460309812945 -0.11188737553956651 0.008566413290093266 0.999935400261072  -0.007470734105364798 0.009463164138090896 0.08742758976758001 0.006693451277068467  0.9961483896776792 0.12001313755418863 
0.9958952272270417 -0.009011191233531259  -0.0900638374651653 -0.10263029388366945 0.008548313069069377 0.9999482052982989  -0.005523863175750538 0.0071440303280549955 0.09010894922299428 0.004731295093731158  0.9959206756146113 0.12916600390993693 
0.9962101837003356 -0.008327057277447546  -0.0865790390847672 -0.10488679311697968 0.007867785969844915 0.9999531174878168  -0.005644534553804521 0.012659018591524074 0.08662198240444656 0.004941957455754709  0.996228994368679 0.1368130621728838 
0.9961284486523945 -0.0069123625229939225  -0.08763750926244196 -0.11018071550608721 0.0066680644738689974 0.9999730247602829  -0.003080043496903259 0.00607666265655471 0.0876564355968586 0.0024837463882608855  0.9961476699276732 0.14963698734676 
0.9960992704223869 -0.007001099795463786  -0.08796151468479019 -0.10419984344093575 0.006796402219764395 0.9999734551015975  -0.0026264061073126704 0.01184431411224729 0.08797756748658025 0.002018339373669506  0.9961204113586454 0.15730147209819734 
0.9963541572159326 -0.007560853025099496  -0.0849778023960468 -0.10748127418768522 0.007418163045268351 0.9999704954117562  -0.001994783948347679 0.011489281775930671 0.08499037742922752 0.0013571320862813515  0.9963808478372804 0.16784291391055461 
0.9963050478774657 -0.00697999855450576  -0.0856009999594628 -0.11050062950065909 0.00684541485580612 0.9999748295063525  -0.0018656498045242786 0.0120531614133359 0.0856118675729759 0.0012727819610247801  0.9963277513733856 0.17835978301791755 
0.9963602433041441 -0.007059594487293037  -0.08494955967267727 -0.10871865162816285 0.007076491998411111 0.999974956093814  -0.00010220651204924649 0.012874803150326741 0.0849481537404033 -0.0004993103740795924  0.9963852477155847 0.1889840957732858 
0.996452651947995 -0.004632157000597675  -0.08402770702173028 -0.11388249028680941 0.004533600374899248 0.9999887933583232  -0.0013636808297477962 0.015438472996814667 0.08403308213702886 0.0009778953351571933  0.9964624854088913 0.19919950828958122 
0.9963766158593315 -0.005139273490900666  -0.08489538996136373 -0.11127584942470459 0.005246184422250526 0.9999857017332134  0.0010362809177124287 0.008511863149788468 0.08488885037337959 -0.0014779029462061019  0.9963893309771876 0.21177474356653647 
0.9965950081451254 -0.005220088699410708  -0.08228693951161271 -0.10923815767090017 0.005098870789836932 0.9999855840959245  -0.0016831865616380843 0.026159382745873927 0.08229453965413545 0.0012578848528446316  0.9966072578848756 0.21608111790990137 
0.9968085695673816 -0.004718151679737764  -0.07968948915482772 -0.12031929055737017 0.0047447038684327635 0.999988733483407  0.00014384523770053214 0.01514594625308785 0.07968791264822599 -0.0005214891930976893  0.9968197252396194 0.23349392829047844 
0.9965257307131348 -0.0031602198296039243  -0.08322548310031866 -0.11618654063239586 0.0032943805935300016 0.9999934860809254  0.001474738018390536 0.01900160821481034 0.0832202804799276 -0.0017437907977999182  0.9965296503920471 0.2447414346469614 
0.9966113861045075 -0.003629154159309099  -0.08217404898713603 -0.11313428683818061 0.003877323101779396 0.999988391416936  0.002860663722492285 0.018551278710986274 0.0821627132732158 -0.0031695853761564904  0.9966138882617112 0.2572992016878146 
0.996693602301912 -0.0015784565827225156  -0.08123651645199133 -0.11453910546295615 0.00187630516875609 0.9999917948323669  0.0035902293596736545 0.01771029299626381 0.08123018287158966 -0.003730783129293832  0.996688385930071 0.28079475028384593 
0.9968286485908967 -0.00483829931370423  -0.07943070066540792 -0.11649153852551442 0.00508548390796219 0.9999828348594877  0.0029099552924967955 0.023629202111803416 0.07941525799157542 -0.0033046703517116017  0.9968361429803787 0.29012767246348403 
0.9968807621910604 -0.0018993276528474449  -0.07889954706991534 -0.11966145994835753 0.002034976946749093 0.9999965864375353  0.0016388966115106806 0.016392659008722887 0.07889616493972856 -0.0017943432626313358  0.9968812243642966 0.3047383970224047 
0.9970190187030014 -0.003126628595561764  -0.07709280471048865 -0.11310464105172874 0.003433287600395618 0.9999867119651301  0.0038455727038729155 0.015145778150851719 0.0770797566210292 -0.004098790894058664  0.9970165048947032 0.31654310697346943 
0.9973301866457221 -0.0017035356142848898  -0.0730040873624198 -0.12207449069081511 0.0018384051694800862 0.9999967254484811  0.0017802692908559172 0.02700189829729016 0.07300081555463465 -0.0019097273957292276  0.9973300526253244 0.3264543051249049 
0.9971652194843805 -0.0010885798359533295  -0.07523523140529251 -0.13069542233910048 0.0012757820964831074 0.999996208868427  0.0024402108137459976 0.026423703027382395 0.07523228981434402 -0.0025292771129288225  0.9971628278904988 0.3413680634521441 
0.9970849050318951 -0.002249836902703729  -0.07626683677358119 -0.11855775625224069 0.002658663343925911 0.9999826351353822  0.00525936658931412 0.0259653146899117 0.0762536796932483 -0.0054468028795212915  0.9970735723464097 0.3545192603989804 
0.9971358521436994 -0.005662048877260622  -0.07541905311106734 -0.11827306611776434 0.00595528907565544 0.9999755551815331  0.003663819238159258 0.027732439919114782 0.0753964647824012 -0.004102467781231028  0.9971451964766316 0.36686778005956455 
0.9972471285869181 -0.003786035296703658  -0.07405288962544866 -0.1248018033627023 0.004225456796927673 0.9999743791032082  0.005778118379773287 0.021668967197672195 0.07402911616387207 -0.006075119248664193  0.9972375759497385 0.38231572398154867 
0.9972044597605962 -0.005432271617516136  -0.07452352553825468 -0.12112488758302559 0.005728107796263211 0.9999765383255564  0.0037565382350497356 0.028966476487353177 0.07450137055552573 -0.004172915468893493  0.9972121803116114 0.3913664891189512 
0.9972489940774074 -0.0030806589378114405  -0.07406047091470541 -0.12768591463430573 0.0033188167134421886 0.9999897097531474  0.0030928697739555696 0.021506584943931983 0.07405018073726505 -0.003330154399566734  0.997248956281456 0.40611166348832484 
0.9972054182207428 -0.003656282590237694  -0.07461893505547806 -0.12222490823479082 0.0037729264903726013 0.9999918710233816  0.0014222914099111116 0.02903665654278864 0.07461312818057941 -0.0016998484570063858  0.9972111068466555 0.4143177784895897 
0.9973332861107485 -0.00331656680254864  -0.07290621921468803 -0.13123672336171577 0.0034044746133650573 0.9999936199031542  0.0010815292844161505 0.01696227491596236 0.07290216710182808 -0.001326852527724599  0.9973382141952782 0.43148919626709414 
0.997139770264509 -0.004285119236260265  -0.07545804337493311 -0.12095824999234378 0.00402748360554744 0.9999855309432817  -0.0035661295391702656 0.03444304918895025 0.07547223285851096 0.0032520235568224867  0.9971426008400888 0.43568426959922846 
0.997197404443681 -0.003998712989547902  -0.0747084122787583 -0.13346777143950223 0.0036783706410942097 0.9999834443210066  -0.004425005460225399 0.03054567558693666 0.07472486975707912 0.004137798729216937  0.9971956039120229 0.46526167927102335 
0.9970142003248924 -0.006236135139810131  -0.07696619367640087 -0.1220094492478021 0.005981282526852195 0.9999758414126189  -0.0035413063209752253 0.02436661294613529 0.0769864183466746 0.003070376140317623  0.9970274139563605 0.48014398231726574 
0.9972106870155637 -0.006007137706272131  -0.07439596762274989 -0.13040481307056395 0.005626727645460025 0.9999700084443854  -0.005321855666916562 0.027907776037875642 0.0744257054917935 0.00488840549806986  0.9972145796435866 0.492201585999986 
0.9970355695047024 -0.0071061133367001286  -0.07661316006848791 -0.12245730467771299 0.006505409426205639 0.999946134857636  -0.008087461373757454 0.026885770214579274 0.07666650370684196 0.007565086682950603  0.9970280922184932 0.5045062004898213 
0.9973012788753582 -0.00944487728264403  -0.072807646897085 -0.12579856512532145 0.00904271651139503 0.9999419943178228  -0.005851262922626432 0.023967252106825043 0.0728586881001117 0.005177093085019217  0.9973288370820929 0.5191327667484771 
0.9971834907470981 -0.007787546537807967  -0.07459517343872599 -0.12986648342461904 0.006706318279874936 0.9998689565357498  -0.014734145758742682 0.03745570536034304 0.07470014107457329 0.014192387925657008  0.9971050421336793 0.5267775254974367 
0.9971258801781545 -0.009889985377112826  -0.07511436126454908 -0.11869667252191296 0.009160135486205681 0.9999074918527214  -0.01005483240408571 0.0181206730424055 0.07520685471960022 0.009337875884824725  0.9971242315163866 0.547048412579052 
0.9974067020696662 -0.009547309872885988  -0.07133526155207648 -0.12540343985626579 0.008656502640873519 0.9998807799527271  -0.012786353786545414 0.029462500472153152 0.0714488322405665 0.012135681081721297  0.9973704375086231 0.5580315719812958 
0.9974299083463387 -0.008578887320983282  -0.07113354081267326 -0.1296299380004005 0.007673291852900412 0.9998861262426446  -0.012994427252414604 0.03672266970888316 0.0712369182963061 0.01241520196420322  0.9973821555611637 0.5714646116365216 
0.9973308315607318 -0.008854317225481722  -0.07247629602049127 -0.12364134334131327 0.007833031282612596 0.9998661587246459  -0.014363434761460568 0.04179745890134701 0.07259377410842444 0.013757387240739391  0.9972667036740991 0.5849951925236709 
0.9975151419471847 -0.007989324152180958  -0.06999794486754081 -0.13293710866231473 0.007267907332211215 0.9999178825584866  -0.010554888098080563 0.027313920603027064 0.07007652323780265 0.010019922122650966  0.9974912942234422 0.6056623003182011 
0.9974269853699927 -0.009869746999914589  -0.0710070204267574 -0.1272907089688191 0.009027578547659993 0.9998851718961359  -0.012171517892221935 0.038478854433218856 0.07111899662744191 0.011499178944278002  0.9974015526368071 0.6140851724966581 
0.9977469844994318 -0.012193022744670746  -0.06597185095659121 -0.1287475178621983 0.01113108987783594 0.9998028855330835  -0.01644046586479791 0.05020672253276093 0.06615930592458087 0.01566908663796294  0.9976860357665179 0.6248840347492219 
0.9977113077744094 -0.010372164268472041  -0.06681739704197934 -0.1420247187694651 0.009432313045926283 0.9998523120637502  -0.014366124438295194 0.03518318862521763 0.06695653672107993 0.013703002195167504  0.9976617913507352 0.6462478433032643 
0.9971195383720483 -0.012419466344833421  -0.07482234327006185 -0.13091594731776934 0.011601462207722213 0.9998681994591759  -0.011357366988367317 0.03372452822859451 0.07495353408183109 0.010456603940821917  0.9971322014470642 0.6619637592101384 
0.997309434330895 -0.011960326974639172  -0.07232456548953382 -0.12269238535162086 0.01105593238425609 0.999855769527345  -0.012892110067614303 0.03791209426019293 0.0724683279350704 0.01205780749309107  0.9972978244861235 0.6766634560536886 
0.9974589062206363 -0.014181841449924137  -0.06981837705232884 -0.12720290552361418 0.01325357798910302 0.9998177505147496  -0.013740757843459333 0.03500583083083253 0.07000052193818777 0.012780497983843935  0.9974650799901048 0.6937689297416298 
0.9975455621998707 -0.01438899119726677  -0.06852596783460281 -0.1240426636639147 0.01365850964309918 0.9998449214075618  -0.011116575454522765 0.03999415442463761 0.06867529723032444 0.010153327919047566  0.9975873964132139 0.7082431779896368 
0.9976486403236169 -0.01261744705053476  -0.06736460858912051 -0.1329075987676751 0.011680638325986183 0.9998297738046562  -0.014282370322444633 0.04722109622522108 0.06753334841939913 0.013461925703884128  0.9976261942268794 0.7222839165923318 
0.9975671155510333 -0.013308506552635655  -0.06843050215021039 -0.12727379616336498 0.012660543619202836 0.9998709020772293  -0.009893928164989144 0.03883527594243308 0.06855334132234371 0.009003490023660656  0.9976068246363073 0.741279939845171 
0.9978182484894945 -0.010971672935525735  -0.06510272939250043 -0.1326119130332638 0.010220956836014577 0.9998775100544844  -0.011853140031264978 0.04918633526372673 0.06522480373840626 0.011161867238070049  0.9978081667820955 0.7537269551790757 
0.9977278452230247 -0.010901368367924921  -0.06648538963055568 -0.13089338022665964 0.010157883401618478 0.99988215586537  -0.011510507669914846 0.037721083369617325 0.06660303500156069 0.01080900317914888  0.9977210036773075 0.7731771214573087 
0.9980008345158141 -0.00989930290004516  -0.06242065449698359 -0.1344323514662179 0.009406307794494745 0.9999222451952876  -0.008186875917613329 0.041358883067974084 0.0624968453556967 0.007583361108923083  0.9980163510458523 0.7879919534084507 
0.997943403423914 -0.01013154393846537  -0.06329546097563574 -0.13792144545674906 0.009173451943988482 0.9998391901103431  -0.015409143354661993 0.04871857216495812 0.06344140085249234 0.014796815093665783  0.9978758654867634 0.8014688450064327 
0.9979889357782601 -0.010582916999907528  -0.06249868744180886 -0.1337138552988797 0.01018209761878088 0.9999255248594404  -0.006728270405846032 0.04272271552448004 0.06256523757053484 0.006078371685380472  0.9980223667059757 0.8206496013829536 
0.9979840406340259 -0.009815027245335617  -0.06270183314669654 -0.15543571748069074 0.008966724879021074 0.9998646214995501  -0.013796250161016954 0.06992893184551718 0.06282875523776353 0.013206207394052817  0.997936943700121 0.8273823505171762 
0.9975486306942154 -0.0077858569910045665  -0.06954214427964946 -0.13259288549028614 0.007073985631393891 0.9999200928405291  -0.010476958579404193 0.05741276562606412 0.06961815946563647 0.009959335555314103  0.9975239964571849 0.848448711139163 
0.9980442912025626 -0.012951213909936903  -0.061154385421109576 -0.13331332745115299 0.01216899162684213 0.9998395346732495  -0.013146122894825895 0.060525483201871566 0.06131483051236796 0.012376225702494132  0.9980417429128906 0.8641322453767444 
0.9980190698532053 -0.010863919297042505  -0.06196701918642151 -0.15323168854853436 0.01018259335617653 0.9998843033853856  -0.011300205133751278 0.0449397950261794 0.062082614328697 0.010646835258867147  0.9980142252979588 0.8863128506963207 
0.9975370363179167 -0.012040467692466668  -0.06910056665335008 -0.1293689476310999 0.011255761842584125 0.9998677999990396  -0.011734153161755417 0.058103018667253536 0.06923271625041473 0.01092747284724029  0.9975406865575771 0.8974881125134857 
0.9980340917720072 -0.01142808601187392  -0.06162264608834916 -0.13972892826809025 0.010825759928762385 0.9998903958233358  -0.010099468412623913 0.04454490239169928 0.061731309582654444 0.009412501811845627  0.9980484207827055 0.9210910843844715 
0.9978232015090333 -0.010088403540949375  -0.06516964511379657 -0.148424608075451 0.00951701538808775 0.9999135569757964  -0.009072209990603278 0.05607204510931396 0.06525553576798009 0.008432241102201778  0.9978329581456148 0.9342096149466883 
0.9979841030491685 -0.010553616249638659  -0.06258075778705444 -0.13606184847885838 0.010030151307743578 0.9999120845410692  -0.008672903405286777 0.06138705792004728 0.06266678646532292 0.008027725256199795  0.9980022191865711 0.9510979253044667 
0.9982102976064013 -0.008845473275741226  -0.05914354871892545 -0.15797341939104015 0.008325054874615058 0.999924484283931  -0.00903986674953505 0.06591159287254555 0.05921904435124235 0.008531314789811069  0.9982085560914026 0.9700737246625621 
0.9977340392519999 -0.008573773600612065  -0.0667328803824188 -0.13485771064533442 0.008343280194245755 0.999958230404699  -0.0037319058808099655 0.05738294151695733 0.06676208949313282 0.003166678409369213  0.9977638977004342 0.9917151780175573 
0.998068749072696 -0.011434228222528112  -0.061057600259252914 -0.1407879024708099 0.011240874965074754 0.9999306613714424  -0.0035092989740835617 0.059535174370604516 0.06109349273435867 0.002816180787003898  0.9981280750842006 1.0096688203490913 
0.9980829392668198 -0.00947235653302917  -0.06116143234275081 -0.14974267150911746 0.009378778695116115 0.9999543676192366  -0.0018169175547076398 0.057094937939433876 0.06117585189185142 0.001239814874789107  0.9981262335017462 1.0286244099025907 
0.9980046608639073 -0.010762205388674197  -0.062216330887392125 -0.14359965514405 0.010474951117727966 0.999932926914317  -0.004941363339030019 0.06124662042518558 0.062265337813254336 0.004279790618604178  0.9980504551871424 1.043299640286122 
0.9981115568613683 -0.009942466063298875  -0.060617385528870596 -0.1440426720062466 0.009602038811096477 0.9999364655694201  -0.00590471635273226 0.06420984137772923 0.06067224167974822 0.005311515143174963  0.9981436103569656 1.0589917783240992 
0.9981033538448592 -0.007713046018190279  -0.06107539573973397 -0.15220097922294018 0.007410555154263544 0.9999591366441528  -0.005177713219755523 0.05704394141596936 0.06111283593443732 0.004715290341187081  0.998119725945264 1.079607618621985 
0.9980660135936708 -0.010805388614648196  -0.06121663243045246 -0.14607520315249067 0.010510715610135592 0.9999315831963742  -0.005133593649233798 0.07660229578308364 0.061267914658502495 0.004480234734813873  0.9981113014739986 1.090424558722468 
0.998144614626232 -0.007371980681870399  -0.06043990563755784 -0.15939521070591706 0.006914199388492389 0.9999458327994271  -0.007779801660483193 0.06929875767479299 0.06049398432461643 0.007347473571671777  0.9981415192710134 1.114364536819707 
0.9977272366120227 -0.01125357022326549  -0.0664358222630459 -0.1433946703790392 0.011251051520503801 0.9999366200091211  -0.0004120733156163293 0.06627247516723234 0.06643624885723126 -0.00033633608861712884  0.9977906151672381 1.1352492228981461 
0.9980100926671356 -0.008752275000701578  -0.06244399584305502 -0.15386339133995763 0.00866124270019282 0.9999609970543336  -0.001728364831657153 0.07158083998741027 0.06245668746758616 0.0011840829426382426  0.9980469729116768 1.1538495215430942 
0.9979674453318499 -0.012765645926710516  -0.06243409598845027 -0.14375606562054838 0.012820430639922883 0.9999177011584504  0.00047693627123878216 0.07033357189819345 0.06242286933510898 -0.0012763988693804797  0.998048974845372 1.1738279671953435 
0.9980558712052158 -0.013780851876496223  -0.0607829422976205 -0.1493176336761492 0.013722705136041898 0.9999048952426802  -0.0013739845246276028 0.07197317344669951 0.060796096227858594 0.0005372069272983912  0.9981500619106178 1.1916016270506304 
0.9981184275971677 -0.014842200893566491  -0.05949213026604851 -0.14682504412122716 0.014877136224421744 0.9998893188701523  0.0001443161209413044 0.06676113741681888 0.05948340364099443 -0.0010291171059599049  0.9982287641664433 1.2117075225642466 
0.9982489044581964 -0.013151769849086071  -0.05767283327397336 -0.14328147483469272 0.012784869417310418 0.9998956476337396  -0.006726139835506292 0.09262875656735936 0.05775527562044163 0.005977022079692723  0.9983128784830263 1.2191281451119877 
0.9984695574548698 -0.008984073804412724  -0.054569490136462596 -0.1633166385580283 0.008954794904816979 0.9999595999993264  -0.0007810361065617632 0.058981773135801774 0.05457430241504959 0.0002911821834425427  0.9985096698224043 1.2517916516469896 
0.9982065997494551 -0.010867395619208176  -0.05886836101919784 -0.14926958792545736 0.010653677144825235 0.9999354735002773  -0.003943095112968845 0.08364556673162582 0.058907413624473666 0.0033088590528617757  0.9982579666959055 1.2600532969948475 
0.9982843872132834 -0.01186198054305397  -0.05733738452175388 -0.14882190921799993 0.011686284459831523 0.999925937402556  -0.0033985975259677287 0.06664758838801976 0.05737345206385226 0.0027227058628913185  0.9983490741574618 1.2845873718039371 
0.9984618195674125 -0.010898284877222997  -0.05436195593304709 -0.15841748348788037 0.010675899912745031 0.9999334201418781  -0.0043795484264094195 0.07488125946036206 0.054406066088118446 0.0037924490901140805  0.9985116911196955 1.2999808293498063 
0.9984593776632092 -0.012617925327596854  -0.05403387008926919 -0.1404360154564831 0.012194293872447578 0.999892329358337  -0.008162651977831852 0.08645222006239095 0.05413104796093658 0.007491171522933151  0.9985057395908472 1.3144243808499638 
0.9986712820824998 -0.01411138487262595  -0.04956348616343327 -0.15966246798815453 0.013831785835316886 0.9998864559333737  -0.005979710829420353 0.07715045359507933 0.04964224052459906 0.005286213954635532  0.9987530745373071 1.338619484425088 
0.9982787365178896 -0.017494091830307923  -0.055977861403225464 -0.15617863648466734 0.017323966446590344 0.9998437220828603  -0.003523009799773261 0.08706000244480538 0.05603074515659575 0.0025471871789564315  0.9984257946561036 1.3541632710234879 
0.9984669448654447 -0.015733413679727238  -0.05306806671669483 -0.14513803237673345 0.01525711422067262 0.9998397130943638  -0.009368488940994223 0.08709665946408052 0.05320695891255533 0.00854446097555332  0.9985469501780649 1.3694021241826846 
0.9987413481363767 -0.014814248164093938  -0.04791928186091019 -0.15476479565271734 0.014486308426209075 0.9998692623501577  -0.007183667275994553 0.05747285932830337 0.04801943763637243 0.006480452043190383  0.9988253788077286 1.3968972925769734 
0.9986919958027776 -0.015546542798213634  -0.04870936795410363 -0.1536779836664729 0.015116319706996905 0.9998435225737246  -0.009188430000923177 0.06924645485193537 0.04884459435782841 0.008440105117196105  0.9987707295609087 1.4090795063407953 
0.9987755521433705 -0.014321660590881236  -0.04735278744303065 -0.1517609129020246 0.013579432010986176 0.9997804278322235  -0.015959171340488493 0.0768555599097045 0.04757095192409172 0.015296606209733735  0.9987507288465426 1.4232957068992889 
0.9987540174885373 -0.014288033764596867  -0.04781489978707607 -0.15695410925561104 0.013493092251657731 0.9997660161213014  -0.016907083439491866 0.07954968923096306 0.04804528085040862 0.016240846655375635  0.9987131149073402 1.440282251420534 
0.9987608521028795 -0.013062267715009134  -0.04802226013914275 -0.1537389377467912 0.012137024688374395 0.9997360238541417  -0.019508337705318707 0.07500718027845021 0.0482644065377775 0.01890131663277453  0.9986557401282504 1.4597041950089533 
0.9987325834464841 -0.016124392258529033  -0.04767840954357543 -0.1530919430239705 0.015160382374493691 0.9996746578707442  -0.02051197741003176 0.07793124568778786 0.04799364091805244 0.019763157270628627  0.998652105613424 1.4757440113284233 
0.9988258249360712 -0.014980729780408809  -0.04607113169896394 -0.1573782637020597 0.013897567689744185 0.9996215212750615  -0.023741773649850324 0.08396283870764876 0.04640936385133807 0.023073619979927757  0.9986559863175787 1.491340344426213 
0.9987266491506658 -0.016958059203432116  -0.04751320347372762 -0.15910289750949996 0.015818366588719233 0.9995805019336305  -0.0242610682488686 0.07979646588590228 0.04790469240844619 0.023478594126656312  0.9985759340496284 1.5112562945485237 
0.9986548484775891 -0.014095274847503595  -0.04989806448327217 -0.1531108217403061 0.01282589209503286 0.9995882157669843  -0.0256689577455616 0.08226218981390954 0.05023932826153261 0.02499444191715802  0.9984244026310053 1.5285924480929154 
0.9987092017246035 -0.014051725124802775  -0.048810648547443644 -0.15174092357412916 0.012753654517221389 0.9995593367006878  -0.02680441588500909 0.07919630689862078 0.0491657877701602 0.0261473026428761  0.9984483180803307 1.5476084637394294 
0.9988392132658597 -0.010647510096180831  -0.04697719203177369 -0.15871017812148636 0.009298659732531292 0.9995408304417209  -0.028838571515479323 0.07455935843979589 0.047262680516629775 0.028368271160339357  0.9984795842788957 1.5674868764054182 
0.9988450132813926 -0.009999799730237777  -0.046996206743200604 -0.15632544573168516 0.008720439264386787 0.999587901003139  -0.02734926154715873 0.074975397178072 0.047250326791786944 0.0269078459467474  0.9985205928996034 1.5855285752865171 
0.9989280776802795 -0.005793274255388872  -0.045925304521400395 -0.16831261924460283 0.004199428261848337 0.9993880475286421  -0.03472600263724948 0.09212555916511533 0.0460983776748716 0.034495919038206785  0.998341109614071 1.5970280925783058 
0.9987222891218509 -0.0031645043696416444  -0.05043585156716058 -0.16574100636148514 0.0012805369274761203 0.9993017102860398  -0.03734236260031407 0.09055405241360326 0.05051880280041784 0.037230064887003415  0.9980289438849567 1.6333413969752755 
0.9986789831571481 -0.002943476989503692  -0.05129936201764173 -0.16783732840846893 0.0010438470820825635 0.999314060976459  -0.03701780541857163 0.07711636411366651 0.051373134841802566 0.03691535558477347  0.997997022810477 1.6554007025833073 
0.9990091166351018 -0.005255650417153865  -0.04419460395394721 -0.1640264859393074 0.003735948649196974 0.9994011915166608  -0.03439914363424126 0.08482847760343581 0.044348929723772815 0.0341999493241038  0.9984305363412042 1.6742278946592037 
0.9989786172426264 0.00015346836329602448  -0.045185160611330794 -0.18896165617936206 -0.0018661812077810879 0.999281137131948  -0.03786457896214847 0.08948289657062158 0.04514686766222012 0.03791022843168475  0.9982607750084882 1.6965446469473093 
0.9984445337826705 0.0030538943124616734  -0.0556703394011044 -0.17299854777959078 -0.004796769225147155 0.9995016395229156  -0.031200378138803022 0.10639376545093882 0.05554731284685627 0.03141888477543292  0.9979615973147271 1.7152181993813898 
0.9985339817247694 0.006765535433186642  -0.0537039558243183 -0.1734029765553573 -0.008415023903064228 0.9994978771415989  -0.03054801077235805 0.09676948759207793 0.05347031619121859 0.03095514690224457  0.9980895271300424 1.7412166556993753 
0.9987332444152958 0.004159155291499256  -0.050145866499225936 -0.17940053962841623 -0.005368518593479602 0.9996973903020288  -0.024006391470284535 0.09746680854526257 0.05003084556359666 0.024245190256508196  0.9984533465523651 1.7621295072790275 
0.9987362114669075 0.004832005928037918  -0.05002630931260207 -0.18013553991948011 -0.006286505569963118 0.9995608519745532  -0.028958298424184754 0.10605073892684214 0.0498644136879955 0.029236191930836767  0.9983279948638802 1.7801848469846249 
0.9987881089272383 0.005795681840758767  -0.04887456943597396 -0.17811940255337017 -0.006944939547835448 0.9997025860863253  -0.023377493171642803 0.09326678170215441 0.048724544946341486 0.02368859312652387  0.9985313061068531 1.8055734429288819 
0.9988299915887969 0.007709081632061024  -0.04774115586277865 -0.1819844547466487 -0.008956730797953437 0.9996224649270158  -0.02597507625879151 0.10645076900297479 0.047522887918737614 0.026372289882133124  0.9985219464039015 1.821318322153381 
0.9988817144656754 0.01225025914666115  -0.045664555805926835 -0.186599141916163 -0.013253441624873774 0.9996760053777035  -0.02173086646164141 0.09104931975069164 0.04538355198977956 0.02231177767272866  0.9987204402563681 1.8494180331171322 
0.9986885480531799 0.008389079508079255  -0.05050551784150559 -0.199052108936073 -0.009297556427515634 0.9997986988073494  -0.017779688062738885 0.08115590456571553 0.050346195803741486 0.01822594875824745  0.9985655087974714 1.8725415775848688 
0.9987210620433251 0.013857949983950969  -0.04862301361798798 -0.17325393831209995 -0.015204369657793955 0.9995080549619707  -0.027431281585943247 0.11965235630536775 0.048218952439490904 0.028135480951646585  0.9984404475667328 1.8778925339505932 
0.9990385640499222 0.008987693559146212  -0.042908844141464536 -0.20033444335625805 -0.009989112700804144 0.9996813737836066  -0.023181210873719518 0.08747096860629888 0.042686826639142986 0.023587544904209518  0.9988100232561103 1.9088207945565188 
0.9989012066360472 0.008805227241364675  -0.04603093909835944 -0.1782748650750794 -0.010070150391892392 0.9995759993364197  -0.027320571401099954 0.10586560635308917 0.045770858110085896 0.027754090217945546  0.9985663418241376 1.9218816045024028 
0.9993302011007886 0.0006053243660206792  -0.03658938029359361 -0.183596983465791 -0.0013793927583028302 0.9997757003386054  -0.02113400785628459 0.08907584362193077 0.03656838037807604 0.0211703234472943  0.9991068866551073 1.9497263831237959 
0.9992439965818751 0.004446810303025195  -0.038622029636081245 -0.1915475568455669 -0.0056754367876363345 0.9994793979020319  -0.03176039336439742 0.12810845179097274 0.038460690481983986 0.03195557928626274  0.9987490256516541 1.9576714381123992 
0.9991038686881829 0.004722590215441094  -0.042061344652342035 -0.17866765359245157 -0.005595646192746781 0.9997708332984239  -0.020663243439999982 0.09285213420735161 0.04195412156143518 0.02088008686361539  0.9989013332940226 1.9923300118496385 
0.9992571033045128 0.008003586431304908  -0.03769859546071723 -0.1876556302563569 -0.008996180471810847 0.9996153459027012  -0.026234118486081467 0.12314459975935232 0.03747412750675841 0.026553772614447538  0.9989447366734295 2.0021053611122994 
0.9992872972736899 0.009374107002009704  -0.03656533365578681 -0.18903156028911988 -0.010184612378592202 0.999705145765591  -0.022043030655886 0.10809918401223317 0.03634791848430897 0.022399724277619496  0.9990881248289085 2.0281769424012452 
0.9991846510880931 0.01169117655777299  -0.03864387947218527 -0.19701923105267827 -0.012506717161547007 0.9997027130176008  -0.020930064765535265 0.09380818278306613 0.038387694067329295 0.02139630753058608  0.9990338247368052 2.0524737300224984 
0.9992223218905195 0.009522947227824813  -0.03826310117874797 -0.17468842381569022 -0.010478623186673296 0.9996361720202994  -0.024854014659888707 0.10749538544250381 0.03801249652194333 0.02523563085596066  0.9989585642275014 2.0632937989498927 
0.999410098354888 0.0060447036132632945  -0.03380705347262443 -0.19497371759651239 -0.007010199180126497 0.9995688180051177  -0.028513771748173884 0.09639672058838578 0.033620119180753055 0.02873394560584757  0.9990215452912876 2.0843409687116647 
0.9993325794452872 0.003829153287509457  -0.03632813295958816 -0.18412023935413369 -0.005032835559917418 0.9994393650997285  -0.03310024252597543 0.10060182770381498 0.03618102023790361 0.03326098426313204  0.9987915902231016 2.099372149862866 
0.9993884636284461 -0.0009684233756427525  -0.034953696836522066 -0.17577577973363667 -0.00017853768321809943 0.999462060433456  -0.03279569908397156 0.09087641729252294 0.03496665398161018 0.032781883873204284  0.998850680131447 2.1194933058374588 
0.9994556104598202 -0.0017085409583117448  -0.032947892317748126 -0.17540146880407181 0.00031402163736978753 0.9991055907796578  -0.04228380142847033 0.1115339127880679 0.03299066702568196 0.042250436218160124  0.9985622246653314 2.1291731652652786 
0.9994809704418098 -0.006384148390186036  -0.03157581945144472 -0.16583332497931286 0.004885303058997515 0.9988678567114504  -0.0473195376424488 0.10885349480406692 0.031842166049436696 0.047140719956375976  0.9983806032687508 2.14827989145482 
0.9996212172120694 -0.006703570470898579  -0.026692400461601182 -0.17271684088626188 0.005479663683298794 0.9989418143529645  -0.04566426199037153 0.10678054705819573 0.026970268544801824 0.04550069977647653  0.9986001656992013 2.1681194232065977 
0.9996735022234204 -0.00631236342926746  -0.024759705577771733 -0.1757669665333969 0.005084468351438411 0.9987688201495217  -0.04934563890269925 0.12460007951843455 0.02504070953356384 0.0492036377219125  0.9984748193625047 2.1826592205087536 
0.9996851255796221 -0.004709754119479048  -0.024646864120801054 -0.16987169501574784 0.003531987466544288 0.9988596197246971  -0.047612867462164976 0.10990404042423307 0.024843002221779764 0.047510822972956  0.998561739173418 2.2092603520064245 
0.9998015577844133 -0.002218802725818581  -0.01979701912724517 -0.1741514351697454 0.0013767968868326611 0.9990978714396809  -0.04244464294856743 0.10966332850205873 0.019873335960351974 0.04240896366527797  0.9989026630851697 2.230473466922639 
0.9997930134646108 -0.0027145795709353107  -0.020163364925169503 -0.17487741458817224 0.0017613393219806897 0.9988865491948871  -0.04714402954058177 0.12443650768180436 0.02026889022974222 0.04709875683373673  0.9986845744245634 2.2461665493086542 
0.9998795218922713 -0.004351554919027899  -0.014899854706328569 -0.16505195466828 0.003679144926145955 0.9989864029449341  -0.04486235196413736 0.10757449476775616 0.015079973245846028 0.044802128308021355  0.9988820569546618 2.290602439077972 
0.9999524328291073 -0.006038870146761435  -0.007659251040428003 -0.16114775262930447 0.005708213087461304 0.9990809357959914  -0.042481761172934035 0.10962144213712488 0.00790875353629631 0.04243601979871138  0.999067883499988 2.3121796831357173 
0.9999563831354757 -0.004339943874881728  -0.008270230576014703 -0.17675710418541596 0.0039308995012022644 0.9987983899835  -0.04885001735393478 0.11845004235446233 0.008472299317718873 0.04881537722409976  0.99877188541265 2.331386514922997 
0.999952778578697 -0.0006499264001971632  -0.00969629869680505 -0.1693484563361184 0.00022350407274688414 0.999035278103921  -0.04391427045677289 0.13151564105669866 0.009715485508856574 0.043910029600257125  0.9989882474993546 2.3475098724672776 
0.9999753822598687 0.0019146805844336226  -0.006750472019722899 -0.20022721863032594 -0.002210139237169514 0.9990274836850803  -0.04403637276625891 0.14183922340578548 0.006659591487605872 0.04405020817335803  0.9990071215967893 2.3715918129130884 
0.9997403699037705 0.007648856233298177  -0.021463638624298727 -0.1812759659073544 -0.008609096202273915 0.9989495209192845  -0.04500820056069759 0.13488613761984247 0.02109683026551964 0.045181297607022324  0.9987560132981896 2.3862423396618695 
0.999935588109834 -0.0027274445311565036  -0.011017289946711428 -0.16692836305664543 0.0023321428538963843 0.9993585810174846  -0.03573496406082623 0.11680884038506179 0.011107688380102506 0.035706968410227524  0.9993005712326004 2.4172923319317547 
0.9999134025912024 0.0006441765045481316  -0.013144289829238386 -0.20521174777191642 -0.0011981550222139189 0.9991092373233781  -0.042181705983050446 0.13101000125724038 0.013105408922531762 0.04219380205348598  0.9990234888756342 2.4354749946336938 
0.9994387257582613 0.00890866670840165  -0.032293484051454394 -0.18509932751504105 -0.009742884804658796 0.9996204773834424  -0.025767758757445056 0.12306781920097443 0.03205167156929685 0.026067927673241575  0.9991462122714756 2.4606379376102865 
0.9995579184962906 0.004719085998595079  -0.029354689552109132 -0.17424581679065904 -0.005612045014806922 0.9995216928114704  -0.030412013252072947 0.13255825836255664 0.029197132087152362 0.03056330850268576  0.9991063064815751 2.480754290010424 
0.9995783677079535 0.004253686265812643  -0.028722690741908367 -0.18884346133184016 -0.005069231605249947 0.9995843269982476  -0.028380911021191123 0.12274947342327369 0.028590028003407177 0.028514546684323596  0.999184432888219 2.5041859490121183 
0.9994884731995123 0.002029251575815783  -0.031916674001998234 -0.16963886831514974 -0.002967125283651542 0.9995643452578109  -0.029365215083068694 0.1368500711251741 0.03184317994263288 0.029444894758953014  0.9990590623500571 2.5196236305631174 
0.9996121790910283 0.004776420011060574  -0.027434963545882478 -0.18865981716977082 -0.005560247416828467 0.9995764576201022  -0.0285655215305393 0.12816697892819118 0.027286902747464994 0.028706988409200853  0.9992153590467494 2.5463152387006645 
0.9993954079484962 0.005145139956585111  -0.03438526001480839 -0.1903059078419611 -0.005919975701874176 0.9997299841242611  -0.02247026325155153 0.13137320069203273 0.034260362799422434 0.02266023781278474  0.9991560144257352 2.568372099150885 
0.9993438148553238 0.005984788546843099  -0.03572285006068095 -0.18243802668440262 -0.006755177462500585 0.999746367793959  -0.02148412577314209 0.13349928344980455 0.035585211645547954 0.021711342400589594  0.9991307773876781 2.590244742519147 
0.9993917691109172 0.007050190517860139  -0.034152403239202926 -0.19086101249879456 -0.007734575489025318 0.9997710875933616  -0.01994865294678494 0.13674622363799038 0.034003943526535456 0.02020067390085236  0.9992175261666478 2.6106131155164363 
0.9992592428284155 0.006645560689584768  -0.03790517306520169 -0.1862526873430168 -0.007442389669118763 0.9997534639000974  -0.02091942293108551 0.13495099045173475 0.03775680677698845 0.021186031786950516  0.9990623482041185 2.6315202480210544 
0.9992782847674575 0.006547982891585177  -0.037417021691466816 -0.1893131870233894 -0.007264311463637777 0.9997923194952216  -0.019040684266167607 0.13256719681213447 0.03728457283069569 0.019298751213903186  0.999118320736046 2.6516930121037916 
0.9992501037010243 0.004998704706516042  -0.03839587484026475 -0.19419733458633415 -0.0058361136375781756 0.999746866624235  -0.021728839192037875 0.1404848299708421 0.03827753951211461 0.02193662750472874  0.9990263331577488 2.669516580489173 
0.999145709753797 0.004478215759431275  -0.041082797667555175 -0.19397041307602858 -0.005233339561027933 0.9998190012947727  -0.018291440811545625 0.13086521315629973 0.040993448715865265 0.018490814842382648  0.9989883016976948 2.6939303269992365 
0.9991011746173732 0.0033940448525876313  -0.04225308672421023 -0.19341300332766187 -0.0041355778235307025 0.9998387516544289  -0.017474772850563366 0.1426465495496938 0.04218696332103708 0.017633807009602005  0.9989541075425324 2.7129178000969816 
0.9989473392066645 0.00410263773641322  -0.04568787427238334 -0.18762430577585187 -0.004969743688281788 0.9998093767383286  -0.018881520960654607 0.13996403433529547 0.045601701060356645 0.01908870214861697  0.9987773056646227 2.7372124153449633 
0.9988758779401646 0.0029743355866492394  -0.04730891879004795 -0.18696371115196692 -0.003608631639318599 0.9999046694304621  -0.013327784093765683 0.1389127119864808 0.04726476750135421 0.01348352249882488  0.9987913878153268 2.7597390482824196 
0.998871985597882 0.006623389311088602  -0.047020071265134675 -0.19367565219438837 -0.007374767073792408 0.999847587630049  -0.015824484856662442 0.14562718272270203 0.046908093100784795 0.016153396683211516  0.9987685911046877 2.7799225295308148 
0.9988099944669897 0.006196549881544151  -0.048375590150586546 -0.19283305058693545 -0.006739313777383418 0.9999160728829554  -0.0110647566687345 0.1376825395210508 0.048302966810144905 0.011377607828268195  0.9987679277176676 2.8041446553862457 
0.9987575790613604 0.007906044096887267  -0.04920155215263596 -0.19371994451765645 -0.008594183628130081 0.9998679746611548  -0.013790331930964848 0.1460979054291176 0.04908602932868438 0.014196045707811798  0.9986936637483014 2.820665359491656 
0.9987773788814338 0.009543005542858817  -0.04850441711784424 -0.19812085041030136 -0.01019712688931243 0.999860134843104  -0.013256294909706366 0.13699459709354045 0.0483711281441328 0.013734693179638614  0.9987349959650583 2.8444309577469085 
