1.0 0.0  0.0 0.0 0.0 1.0  0.0 0.0 0.0 0.0  1.0 0.0 
0.9999999998113165 1.9415793947293952e-05  -6.276754414442977e-07 -6.383710551460808e-05 -1.941581482784417e-05 0.999999999257614  -3.328360393145814e-05 0.00024086614608886947 6.270292133825636e-07 3.328361611200822e-05  0.9999999994459039 -5.9261732587856386e-05 
0.9999999988226785 8.735574407901173e-06  4.773188196431202e-05 -0.0003236874886347607 -8.734548485630096e-06 0.9999999997308663  -2.1493604718454912e-05 0.0002285096856549096 -4.773206971044907e-05 2.1493187776712706e-05  0.9999999986298462 -7.82647346113663e-05 
0.9999999997072762 -4.040859373817988e-06  -2.3856220331641068e-05 -0.0001598747149564872 4.040139512331567e-06 0.9999999995365741  -3.0174972666256416e-05 0.0001002043878370884 2.3856342253406632e-05 3.0174876274965105e-05  0.9999999992601759 -0.00026426452022043634 
0.9999999864939776 -2.6163027978576633e-05  -0.00016225763654630724 0.00045652763217418624 2.6144441760417088e-05 0.9999999930975393  -0.00011454863434043775 0.0004291096455364407 0.00016226063236545545 0.00011454439065801246  0.9999999802755347 -0.0002688889315063392 
0.999999990518933 -5.502063042489987e-05  -0.00012623337221181417 0.0004693106762623245 5.499981368469974e-05 0.9999999848907902  -0.00016490433531223743 0.000503291997060229 0.00012624244344501637 0.00016489739093681594  0.9999999784358478 -0.00039938582194665173 
0.9999999995482907 7.881019382782923e-07  3.0046591666246362e-05 -0.00033708809164068043 -7.847185566707558e-07 0.9999999936598221  -0.00011260435136460081 0.00029776168891926247 -3.0046680219453196e-05 0.00011260432773561833  0.9999999932087311 -0.0002526786405834258 
0.9999999999494626 5.2948793391697475e-06  -8.546285525141786e-06 -0.0003335120320357987 -5.2960403229283135e-06 0.9999999907580541  -0.00013585228605927628 0.0004359019103949979 8.545566124694844e-06 0.00013585233131388342  0.9999999907355587 -0.00033880810263298144 
0.9999999990459731 4.298334076156128e-05  7.777279040973076e-06 -0.00044296568739987663 -4.298241877325117e-05 0.9999999920539088  -0.0001185103121656752 0.00046359167274889757 -7.782372948305684e-06 0.00011850997776634853  0.9999999929474099 -0.00023639870587821576 
0.9999999955771949 5.558892511550364e-05  7.586489011396598e-05 -0.00029563531321485925 -5.558227228009793e-05 0.9999999946103185  -8.769249673564274e-05 0.0007407946571371671 -7.586976443671262e-05 8.76882796048171e-05  0.9999999932772722 -6.44486804137756e-05 
0.9999999740584798 2.1009171712980228e-05  0.00022680752692586656 -0.0006726214609589221 -2.109537329102384e-05 0.9999999275511957  0.00038006918930475294 0.00029295788824645896 -0.00022679952555507152 -0.00038007396403462614  0.9999999020528737 0.0009918524245247085 
0.999999952403783 -1.4597310489520709e-05  0.0003081871997857456 0.000987456414803134 1.4608754189044256e-05 0.9999999992039706  -3.713008142439692e-05 -0.0001495318892807962 -0.00030818665754109244 3.7134581888191386e-05  0.9999999518210023 0.0038070901185136563 
0.9999982399099874 -9.913710452357836e-05  0.0018735924748304422 0.005163606313097091 9.888784436003784e-05 0.999999986248693  0.0001331307929199294 0.0006321059050276023 -0.0018736056472674297 -0.00013294528307670523  0.9999982359621592 0.013853015911653443 
0.9999783626740055 0.001606892025625478  0.006379034553369075 0.0020925014030375166 -0.001614036257180185 0.9999980758681994  0.0011149649588171166 -0.0016531750658723698 -0.006377230650964658 -0.001125236827011773  0.9999790321658287 0.03287257840260516 
0.9999695681778554 0.0021941564105409637  0.007486547658256317 -0.006867057858000791 -0.0022004296093369115 0.9999972347707132  0.000829795433433202 -0.007648461437901322 -0.007484706255265771 -0.0008462438023850946  0.999971631119453 0.05866874204096817 
0.9999876317590654 0.0017717754904130751  0.004647272372849823 -0.0029937213153701236 -0.0017589475387307736 0.99999463607802  -0.002762954712697655 0.002996178191363885 -0.004652142780684473 0.0027547462315060415  0.9999853843635657 0.08467720619405128 
0.9999881377303775 0.003420539747224669  0.0034676081625801035 -0.0075576141447122325 -0.0034264355375648813 0.9999926919854991  0.0016957343841641635 -0.00662398417110821 -0.0034617824943875986 -0.0017075958047443052  0.9999925500615138 0.12758947320165248 
0.9999670579520616 0.007854971470775091  -0.0020450999710337186 -0.014469927470466715 -0.007861448182850075 0.9999640470511898  -0.003178401716953929 0.002337768129431206 0.0020200601888498123 0.0031943744613432312  0.9999928576388104 0.1645616273164432 
0.9999534238474838 0.009193610680936637  -0.002937287582436686 -0.01246101653075371 -0.009190663777562802 0.9999572496188197  0.0010152015037481444 -0.0076234867617250845 0.0029464953796610625 -0.0009881585969798853  0.9999951708421221 0.22007316492580742 
0.9999591345081849 0.009039777675218933  0.00010832000948222614 -0.01155604401764343 -0.009039362771412181 0.9999534993554983  -0.0033599177639401915 -0.0071487436041115515 -0.00013868788212501084 0.0033588013153871966  0.999994349593734 0.26865240699707904 
0.9999746877782961 0.006900896806766662  0.001732462398311148 -0.003641488771950918 -0.006890633236403003 0.9999590775938589  -0.005861937498819969 -0.010416980801513986 -0.001772844127548333 0.005849851357175763  0.9999813179568898 0.32513567370328467 
0.9999222564752199 0.008776611159233701  0.008857319123982433 -0.01007192673402102 -0.00870760453765673 0.9999316693122668  -0.007799636504299384 -0.006856973262564514 -0.008925168274056818 0.007721904100870073  0.9999303543589108 0.38623554748950006 
0.9999524320353842 0.003937327832643433  0.008923626844425686 0.003368008391623434 -0.0039036315178713537 0.9999851973228833  -0.003790355667607756 -0.015268235193462987 -0.008938418623724489 0.003755340817099855  0.9999529999394244 0.4471420618853532 
0.9998580320214134 0.003708244194553513  0.016436688451743564 0.0011165450045602654 -0.00361464863843858 0.9999771056197829  -0.0057203628820336316 -0.011403635466080697 -0.01645752464639668 0.005660137920145953  0.9998485448912942 0.5056596914348201 
0.9998404532445091 0.0016323754287305805  0.017787731903599245 -0.00018705531569729317 -0.0015103993823581175 0.9999752702690514  -0.006868591125073809 -0.009716409519975766 -0.017798504137157653 0.006840628684364261  0.9998181929979482 0.5661291880776034 
0.9997425037528034 0.0006282397754145558  0.02268328690601299 0.013577425102743845 -0.0005103149692514408 0.9999863280169599  -0.005204167348328086 -0.017155677724600693 -0.02268624624542525 0.005191251673906145  0.9997291558904092 0.6351743754692514 
0.9995128696142629 -0.0014719536529457298  0.031174618328139968 0.0058196151505693905 0.0016488676423488538 0.9999826792761722  -0.0056499896589334245 -0.008408400395613524 -0.0311657618382679 0.005698640196715303  0.9994979843846353 0.7045860215622355 
0.9995184297970011 0.0001724492157571115  0.03103028774287081 0.004530033314713577 -0.00012978827017956423 0.9999990437531981  -0.0013768252228653314 -0.017551033267818594 -0.031030495502687314 0.001372134817493941  0.9995174963925846 0.7874031254263496 
0.9995407379017656 0.0011999108524633239  0.030279918902469862 0.005232975218357083 -0.0011662791336258624 0.9999986833303665  -0.0011283308539683087 -0.024211990345353707 -0.030281232930256984 0.0010924978167889785  0.9995408212678178 0.8704888013857985 
0.9996555583837972 0.0033856383064410655  0.026025027293678962 -0.00391916359229505 -0.0032924094451442835 0.999988012199196  -0.00362429275117671 -0.02038300304202023 -0.026036985855207986 0.0035373593482520564  0.9996547216196285 0.9574860306299104 
0.9997658729450539 0.007140204659789479  0.020425884848168815 -0.008955695685946452 -0.007133433618993065 0.9999744749929125  -0.0004043358164468825 -0.01788852916214867 -0.020428250517794008 0.0002585344568193601  0.9997912880900277 1.0553060558081828 
0.9998010455834969 0.009472565025839685  0.017553910162054792 0.01073634554939673 -0.009503702018839403 0.999953408625527  0.0016912203070546903 -0.0256798872816415 -0.01753707210692137 -0.0018577109627509675  0.9998444879139433 1.1518976108405639 
0.9996536745001238 0.0020124554051886684  0.02623892302749409 0.016177216523395543 -0.0020956420286123126 0.9999928641406504  0.0031432391361040854 -0.018929638857202225 -0.026232410161640626 -0.0031971379421209837  0.9996507584982319 1.256370260140919 
0.9995434418757808 0.002936763816572381  0.030071302289777828 0.013183943756700955 -0.0028652566751464284 0.9999929651496664  -0.002420734467818329 -0.04384490097303395 -0.030078199868061498 0.0023334672622143376  0.999544824819394 1.3584438486698573 
0.9995219486377893 -0.00020754630389274056  0.03091651849494487 0.022473572792938157 0.00025074343001599123 0.9999989978541898  -0.0013933478921201495 -0.014968405862785694 -0.03091619832788035 0.0014004339141538633  0.9995209990119284 1.4621008159779123 
0.9992152658141374 -0.0073525515421115776  0.03892033594155076 0.04884921371875883 0.007305668184559549 0.9999724064435299  0.0013466862711451841 -0.03826717607419483 -0.03892916357128277 -0.0010612904203700282  0.9992414092131511 1.5745811576342366 
0.9989599130500106 -0.002040051872670289  0.045551402914422404 0.019892011848988034 0.0019242490445897673 0.9999948050525383  0.0025859492551597377 -0.024196590482451263 -0.04555644174789808 -0.0024956073995483106  0.9989586490736129 1.6879487883568576 
0.9992449539170704 0.004299452806487941  0.03861394536740231 0.020839488403108675 -0.004412770943743347 0.9999862026860504  0.0028498930034885515 -0.032943784884962746 -0.0386011596182032 -0.0030181356990800646  0.999250139521147 1.8007272475194984 
0.9992635958964731 0.010064253532886766  0.037026702754578686 0.00411099324376174 -0.010206673320204132 0.9999412146108161  0.0036593909849299187 -0.0353071775785172 -0.03698769708679876 -0.004034615653532494  0.9993075763451128 1.920423971801421 
0.999539074172146 0.0015766936794914652  0.030317540139830332 0.029064417248171992 -0.001525140511442797 0.9999973517612692  -0.0017234897356195004 -0.03810205095359853 -0.03032017726711913 0.0016764568260117638  0.9995388318334616 2.028549303910726 
0.9996226432118013 0.0004635906586395248  0.027465546816930364 0.03423244381603752 -0.0004274134293928252 0.9999990334385136  -0.0013230418734781059 -0.04745958345347101 -0.02746613361964414 0.0013108034710909043  0.9996218751599266 2.146800558763763 
0.9996529914598501 -0.0021650215099329392  0.026252796941172565 0.0441957265541042 0.002311568086899198 0.9999819098718709  -0.005553069600247037 -0.024532266414114323 -0.026240299509581462 0.005611827765272763  0.9996399122037797 2.2582070532414917 
0.9995835213405292 -0.004304928902362265  0.028535091582355298 0.04817945327330442 0.004105289651557095 0.9999667132606754  0.007051167812414603 -0.04837814221663961 -0.028564496518311267 -0.006931086335317109  0.9995679214444948 2.397253920541191 
0.999499146825723 -0.003747830696656082  0.031423068909974795 0.05337280300064329 0.0037492419904123302 0.9999929714694321  1.4008315178530971e-05 -0.042823798871050034 -0.031422900552768064 0.0001038113903554902  0.9995061733396378 2.5113695682731247 
0.9995623094294731 0.004081085604520865  0.02930075610469509 0.0291994935336799 -0.004265730902174989 0.9999714201765546  0.006241984456454806 -0.0534160825296639 -0.02927444462134992 -0.006364241539489731  0.9995511509281246 2.646990856026564 
0.9996852378196283 0.0011797169359047117  0.025060597627836786 0.04872633848143515 -0.0010614174375478133 0.9999882344900041  -0.00473331539071771 -0.05099793595464708 -0.0250658867494543 0.004705225766727385  0.9996747281850971 2.761787658019294 
0.9996539508671783 0.000659529761740835  0.026297215368444357 0.040680376776837335 -0.0006289144444418693 0.9999991149045593  -0.001172457555612382 -0.0518522977441942 -0.026297965363551237 0.0011555131290981787  0.9996534808658178 2.8979315008041553 
0.9997688352353522 -0.005114780881804308  0.02088336918886442 0.06045032853853538 0.005175023425989278 0.9999826001767383  -0.0028316914220696 -0.051987665484836576 -0.020868522340782656 0.0029391087595544182  0.9997779085451988 3.025831157636107 
0.9997044325555138 -0.007526258128268401  0.02311715742570809 0.07112023854458727 0.0074655547731223544 0.9999684572631161  0.0027110829483928795 -0.04243451680747823 -0.023136832557370656 -0.002537699235573517  0.9997290868339292 3.164447725940825 
0.9996864600486437 -0.0028476343886688414  0.02487714963173973 0.057099948484022 0.0026729704248049896 0.9999715654252729  0.007051494170545534 -0.06295026166571205 -0.024896522337861077 -0.006982787360187224  0.9996656460317934 3.3049459867457553 
0.9998012490964874 0.0028788352700908518  0.019727509031586817 0.046031688170065976 -0.003091545564570936 0.9999373258936829  0.010760419629958077 -0.05435593880323042 -0.0196952951520367 -0.010819269479881084  0.9997474874971158 3.4424720923118723 
0.9998630318347373 -0.00022828603645310113  0.016548880799998122 0.05880674262530494 0.00014482544399696502 0.9999872669496516  0.0050443001652351735 -0.06633682374574112 -0.016549821625557088 -0.0050412125576869945  0.999850333590038 3.5704472607843467 
0.999881141845992 0.000444439409742883  0.015411186014268604 0.05334765020317089 -0.0005474802762832418 0.9999775217454806  0.006682534632453602 -0.0696689196588609 -0.015407869615959295 -0.006690177679100039  0.9998589095850072 3.7093366452182437 
0.9998964383240285 -0.007070189176894449  0.012534953207939186 0.06962848671741018 0.007112025657091361 0.9999692767501004  -0.0032961563879680615 -0.05844984331055181 -0.012511263644219736 0.0033849639413135626  0.9999160016227068 3.8333090050991903 
0.9998265429826035 -0.008662487435585177  0.01648773055591049 0.07821256082937822 0.008573031151739309 0.9999481878757034  0.00548859735892057 -0.059133773595780204 -0.016534421197226194 -0.005346295495515697  0.9998490036201203 3.977566533092224 
0.9998299705972036 -0.0025227632991949023  0.018266514745054044 0.06776883512493548 0.002414952853023982 0.9999795503163958  0.00592173553415896 -0.07445927072031511 -0.01828108033768007 -0.005876615893104196  0.9998156167450738 4.115338661766746 
0.9998533418924193 0.005488669085201266  0.01622249112294686 0.0528340748167917 -0.00566471662121802 0.9999253503688761  0.010826110810518562 -0.06215246009324993 -0.01616185918024996 -0.01091641888869635  0.9998097949642644 4.256049114569889 
0.9998762475046739 -0.003134084360918246  0.01541645845162868 0.07212297940226264 0.003051444426709652 0.9999808660117901  0.005381105576084714 -0.07830386693044833 -0.015433028312124886 -0.005333397184620237  0.9998666793685987 4.388226756136742 
0.9998172025789956 -0.0009866095352639723  0.019094188349770207 0.06717999593389212 0.0009230112990972719 0.9999939985769902  0.0033392903653500427 -0.08526520208750465 -0.019097368333184362 -0.0033210558000893427  0.9998121129047794 4.525714737082872 
0.9998481373602988 -0.006263429778517562  0.016262584805337474 0.0740701727953228 0.006333279676090431 0.999970925068368  -0.004247185710183959 -0.07190634429144671 -0.016235510022344038 0.004349536219179049  0.9998587348965815 4.658760172977518 
0.9997317371795585 -0.0074429484038613936  0.021932993297759485 0.083760049231274 0.007448200369543488 0.9999722493243952  -0.00015777314311223305 -0.07523995958696128 -0.021931210345013736 0.00032109214722943896  0.9997594305194804 4.811584850962669 
0.9997132062878323 -0.0022161492901163404  0.02384520614349763 0.06889039525059637 0.002133603222563886 0.9999916455326854  0.003486631916445348 -0.07474014135414175 -0.023852733826348824 -0.0034347557636646014  0.9997095825997935 4.960709242615129 
0.999813589270485 0.0035250227873002103  0.018983174771857 0.06103251448834257 -0.0036791314481403065 0.9999605122192506  0.008089375377689062 -0.09333531704528597 -0.0189539099358723 -0.008157709026612269  0.9997870778728739 5.115329619156206 
0.9998620548102477 -0.0007008854371153291  0.01659458074894341 0.07536280317489208 0.0007230819915359155 0.9999988519746403  -0.0013316162491011196 -0.09038667417442725 -0.016593628387507057 0.0013434318015416097  0.9998614137408903 5.251128493260367 
0.9997672468252294 -0.007243589103388375  0.02032197314243906 0.09865495746710717 0.00723221991232365 0.9999736468739425  0.0006328923822041759 -0.08817418535166288 -0.02032602200728245 -0.0004857720956744756  0.999793287062296 5.399504798391445 
0.9994577919232052 -0.008813725004122279  0.03172444507856433 0.10449535055851022 0.008735243965304005 0.9999584367089916  0.0026115833082861906 -0.08431907808393024 -0.03174614428332604 -0.002333046519298068  0.999493241206303 5.5505470865671445 
0.9991720159705179 -0.006132183372828469  0.040220378273870205 0.10636173666835091 0.0059164730908257135 0.9999674816792217  0.00548004838308604 -0.10269730795200038 -0.04025267503628473 -0.00523754820478387  0.9991758054723032 5.705985247487345 
0.9990845892568966 0.0007327354487001751  0.04277203067590432 0.10611424377022693 -0.0012903831797116362 0.9999145139733777  0.013011520150751906 -0.14093604873926657 -0.04275884026289534 -0.0130548015743681  0.9990001269945996 5.868875517966662 
0.9986812257108759 -0.0007511731737013087  0.05133463890479492 0.11627451814119105 0.002541943076549472 0.9993900932297576  -0.03482786355221954 -0.13114826658491285 -0.05127716780418118 0.03491242319117296  0.998074032709449 5.960449407084156 
0.9982472667372557 -0.0026828955171931844  0.05912018710425508 0.10239653542217209 0.005083788927074341 0.9991667074644411  -0.04049747874637129 -0.02650896044569473 -0.058962272189454004 0.04072705202088242  0.9974290740157643 6.096017005243679 
0.9982332237520358 -0.004785194429084486  0.05922442833741607 0.13582293647349353 0.0060592394988982345 0.9997536734883261  -0.021351298866634817 -0.12903435750961378 -0.05910766967418749 0.021672430894415805  0.9980163270832867 6.255728802753217 
0.997744183353097 -0.010402457226986097  0.06631993266509141 0.15003137750107598 0.011437434834877504 0.9998183666871814  -0.015245285152299412 -0.07765913740523955 -0.06614929832930554 0.015969424492376517  0.9976819371983853 6.399103781711703 
0.9971571669560564 0.005978317157543974  0.07511221014013246 0.13347743403012924 -0.005645905888582869 0.9999733102154492  -0.004637089976948444 -0.14958784143451154 -0.07513792740599694 0.004199831034799587  0.9971643060621506 6.559494634584466 
0.996503314754466 -0.00023314308743079806  0.08355291334036542 0.15512606465333167 0.0013102303172216946 0.9999167505928717  -0.012836478501080233 -0.11204736880315269 -0.08354296487363651 0.012901066936251633  0.9964206619154526 6.689531301484503 
0.9947687636920116 0.002107702688762638  0.1021306240656662 0.17621453263099873 -0.0012816811001232459 0.9999659436710104  -0.008152839487146115 -0.15784221749882388 -0.10214432963324122 0.007979291166599  0.9947375869224278 6.841821948147711 
0.9923302442284154 -0.007297508741380333  0.12339948442251669 0.1777283717009004 0.012320778449005882 0.9991239794251691  -0.03999340140604192 -0.029417767944160955 -0.12299953173888092 0.04120703949307401  0.9915508535058766 6.943301187078639 
0.9902661182364696 -0.004506455241504407  0.13911400696562054 0.22263971948649086 0.005742369999587931 0.9999475213281851  -0.008484089603877462 -0.10132756751127836 -0.13906847327723937 0.009200350578923967  0.9902400281192245 7.103926199494912 
0.9873886184625963 0.0012937793592558181  0.15830995630564426 0.2364615422610008 -0.00271385973514085 0.9999579968122819  0.008754403263858733 -0.1683884981464694 -0.15829198051658655 -0.009073629160255713  0.9873506561288136 7.270995441881461 
0.984776411058992 -0.0023229779761055683  0.17381031038201877 0.24381601756365523 0.00362736714988584 0.9999675912735211  -0.007187392447343422 -0.12021571447274826 -0.17378798125684958 0.007708448349358557  0.9847529220036436 7.384800853913898 
0.9825482755016274 0.0008695290407538495  0.18600572633127554 0.26766907425450004 -0.0021691030710722695 0.9999746402722327  0.006783347572246755 -0.15599750886021702 -0.18599511095898502 -0.007068432051461398  0.9825252444429551 7.535031300677939 
0.9803195807572375 -0.003953866233152319  0.19737752284838433 0.3028207167169725 0.004980534645594207 0.9999765264191304  -0.004705410223815992 -0.14681776132610636 -0.1973542851285428 0.005595851368710053  0.9803162615140387 7.652470675775129 
0.9769742466944928 -0.005256829559712604  0.21329249175418327 0.3388838086601771 0.005262091192382577 0.9999860076487553  0.000543049709057589 -0.12733637334342185 -0.21329236201048377 0.0005918189618368199  0.9769882384442021 7.790113322832484 
0.9722910215876182 -0.00399631251956442  0.2337395961884762 0.3755220721380699 0.0009631964698681231 0.9999138690228598  0.013089185929445551 -0.1567740673025888 -0.23377177244626088 -0.01250136080517375  0.9722111264459754 7.935285072513611 
0.9646874119962918 -0.00410826754378044  0.2633653721993183 0.41597419975106575 0.0016632690863894388 0.9999534340173455  0.009505963016155665 -0.1388846071676788 -0.2633921613712964 -0.008732235378583099  0.9646493235334019 8.056628501141429 
0.9556466275690102 -0.0006405899349545973  0.29451504691698305 0.45053074471379473 -0.00412995394163369 0.999870161815597  0.01557571800245276 -0.13843272118154482 -0.294486785266194 -0.016101215959895127  0.955519902539029 8.193117829772124 
0.9435931029106024 -0.0077861369474356516  0.33101575825174395 0.5264804564703942 0.0017971431542566194 0.9998291825263866  0.018395000546356774 -0.16470535759992733 -0.33110244096959524 -0.01676251293968583  0.9434459135233575 8.307387674073626 
0.925648885797027 -0.004993295884738994  0.3783506405689437 0.5694386420384498 -0.00032878179446843483 0.9999019324935016  0.014000617782533312 -0.17508433395124023 -0.37838344589219836 -0.013084051053416541  0.9255564680141225 8.42935136072979 
0.9060424176301056 -0.006103371819710879  0.42314286748972113 0.6351449745777562 0.0057685750856521275 0.999981215338054  0.0020718379545196144 -0.1593992253594636 -0.42314756409138704 0.0005637583338218411  0.9060606056881992 8.520270855816456 
0.8820708997056171 -0.004937371936328394  0.47109080892210736 0.6756244812287964 0.00218776407213956 0.9999772281419786  0.006384111986012382 -0.13937138225865842 -0.4711116020444495 -0.004600603856848407  0.8820616151172573 8.644885383540684 
0.8589291949455714 -0.007443906064077736  0.5120402585077288 0.747066435436448 -0.0020990022128635996 0.9998347678296335  0.01805633486544909 -0.17701880541276394 -0.5120900626451006 -0.01658388680533081  0.8587716474351986 8.76581622393612 
0.8343886008565075 -0.009532345975418645  0.5510941817338709 0.8274323534554489 0.0007236658957905737 0.999868522786493  0.016199180486297378 -0.15121251792958446 -0.5511761415993902 -0.01311760347629429  0.8342857960019741 8.855844584963375 
0.8046813984276879 -0.010723209085117251  0.5936100233413998 0.8974929318232387 0.0011862612909803796 0.9998639220663659  0.016453879002037913 -0.1571861269444681 -0.5937056845008392 -0.012535953772291976  0.8045846195736088 8.957626550420631 
0.7778108609356316 -0.013388997760692389  0.6283557904161747 0.966314189972544 0.00599623120717385 0.9998856456877  0.013883110566486999 -0.1686013300366238 -0.6284698161581681 -0.007030667582481958  0.7778021984357353 9.055287509073139 
0.7543659495835758 -0.01826803236834972  0.6561998880693739 1.0600975622680444 0.011927340544296316 0.9998291289784401  0.014122726144556315 -0.21898719280624612 -0.6563457569424901 -0.0028269841886144707  0.7544549393462721 9.140150802277866 
0.7279755826319889 -0.002854467844438339  0.6855971142769938 1.1266578575268351 0.010790501367164876 0.999915175059868  -0.0072943653074629255 -0.1602670376728783 -0.6855181370116049 0.012708056433561087  0.7279446332859525 9.207332350826313 
0.6995538984728726 -0.007697961476954491  0.7145383716222 1.195294194508783 0.004334803729390078 0.9999692896591742  0.006529105233820793 -0.1477833685373049 -0.7145666887058433 -0.0014700774217587457  0.6995657840863435 9.339197684193657 
0.6818672009563691 -0.007450672214294195  0.7314380409463824 1.2891946176716056 0.0009415570117034372 0.9999562350219526  0.009308142194611827 -0.1770774941764055 -0.7314753814929934 -0.005658226248264149  0.6818443742859535 9.429616864362677 
0.6644782422229465 -0.003424948450573806  0.7472997627059803 1.3781477207239217 -0.0013238970231848174 0.9999825335954008  0.005760191038066859 -0.1511642380965177 -0.7473064384233388 -0.004816869547116204  0.6644621018980623 9.512458440025268 
0.6470457824359281 -0.01563314943978646  0.7622908631686928 1.5113989126356149 0.01753009753496083 0.9998305143599281  0.005624787567224965 -0.19282538027274732 -0.7622495989584331 0.00972353810888571  0.6472101681017943 9.55786794579111 
0.6122320553012839 -0.009771796294876886  0.7906177473714697 1.606223613070009 0.015954302848428557 0.9998727220041189  3.5629562391437802e-06 -0.1754476357956305 -0.7905171539455589 0.012611573622885569  0.6123100338297325 9.640962687517103 
0.5846771479393502 -0.004801642625339914  0.8112518578749793 1.7048893952660418 0.006923036300430681 0.9999756038156329  0.0009291619575938458 -0.18104778727750936 -0.8112365279287478 0.0050730662975206  0.5846961259940507 9.729620163155914 
0.5549835060977566 -0.0039713092886423445  0.8318518718269349 1.807774993230515 -0.0021374107844267477 0.9999784957298427  0.006199963953101296 -0.16380138292882673 -0.8318586054339884 -0.0052188868942603306  0.5549630832632066 9.819149708300646 
0.5258433767367696 -0.006040364407927487  0.8505599668100371 1.9189569604675212 -0.008510689305459779 0.9998873631118939  0.012362413060955214 -0.18406955421434024 -0.8505388358620775 -0.01373954464176984  0.5257327397104151 9.892837912463254 
0.49383302755672354 -0.006790534773128779  0.8695302349726866 2.0335114988441774 -0.00326194334484047 0.9999480054344604  0.009661581302217096 -0.17162821899044078 -0.8695506314296917 -0.007607566308566025  0.49378520058329556 9.943728940986887 
0.45617682253188363 -0.009821004852159474  0.8898349591066921 2.15379992744716 0.003356207081633169 0.9999509749323758  0.00931577188515485 -0.19129112250558622 -0.8898828251285333 -0.0012631688267631539  0.456187419758344 9.992306217151116 
0.41664164081280886 -0.007398496499711884  0.9090407061239637 2.2702926878525282 0.005917550701461436 0.9999677682180618  0.005426335659014465 -0.1723560768334942 -0.9090515528475304 0.003118457075608016  0.41667199268844735 10.04786373749573 
0.3842910649044262 -0.0090002771148884  0.9231681171089465 2.3899693531567507 0.0014406585196009105 0.9999571073107688  0.009149209895364352 -0.18735533786129843 -0.9232108653702318 -0.002185989600786748  0.38428754795310927 10.117171677161565 
0.3569299354091484 -0.00688121472895878  0.9341058131136295 2.5062735111945873 -0.003835362609869054 0.999953643427847  0.00883181685867462 -0.17257495335456907 -0.9341232847983567 -0.0067349743301895046  0.3568869974071621 10.172222225345719 
0.3288664619670203 -0.004645461084296808  0.9443650088205349 2.6245464646491614 -0.003548877195376449 0.9999747611610382  0.006154877056182923 -0.19655028184888668 -0.9443697663859991 -0.005375568085223543  0.3288416755884428 10.21104754555371 
0.3008428553076614 -0.0023803944208087443  0.9536707556241487 2.742774629465245 -0.0003599755079206823 0.9999965302431885  0.0026095821921622254 -0.17629087825066847 -0.9536736584534392 -0.0011283722724950143  0.3008409545724243 10.2473140159203 
0.27454222318643295 -0.0007538223240850201  0.9615747497931476 2.866790120549365 0.0025747399802892247 0.9999966841597773  4.882094317174945e-05 -0.19735797084905293 -0.961571598167232 0.002462401542052594  0.2745432537447624 10.278433387655705 
0.2449740559421305 -0.0014189809367833339  0.9695285959724771 2.9943991902339375 0.003738526464003815 0.9999928770343157  0.0005189417211486677 -0.17716894918613058 -0.9695224264219677 0.003497481055424189  0.24497761589812062 10.30501767491283 
0.2159010858480025 -0.0028763740806315575  0.9764110034211013 3.1287650906323208 0.0076430683737883295 0.9999700028323556  0.0012557632310047028 -0.196349175301608 -0.9763853259013509 0.007191655414924836  0.2159165937507026 10.336977076423475 
0.1905651422768614 0.00011642292660621572  0.9816745453533476 3.255148740587476 0.0029097155934090157 0.999995533224494  -0.0006834370676004845 -0.17582066227272342 -0.9816702400012772 0.0029866330142919086  0.19056395230754664 10.385527380445556 
0.17056333725524964 -0.001490010851636894  0.9853455880309273 3.3884968231597687 0.0007460025842397006 0.9999987653451604  0.001383035899457488 -0.21622031988944235 -0.9853464322077267 0.0004991751364849741  0.17056423822034572 10.397232308349594 
0.14442408524243566 0.003936678834321555  0.9895080526007058 3.5174014261723094 0.004694795297932099 0.9999781047941492  -0.004663564024672547 -0.20035636831219916 -0.9895047460719915 0.005319068720848606  0.1444024411460786 10.4223190523117 
0.12387646510303363 0.006069921797971585  0.992279082437468 3.652226211236732 0.010492890274000988 0.9999173691496872  -0.007426582421678459 -0.21375578625126002 -0.9922421683476644 0.011331854311396586  0.1238025380619906 10.435413454427486 
0.10617007823393709 0.007502861605694274  0.9943196777473156 3.791017749527266 0.010634506978333182 0.9999057733970642  -0.008680529278024898 -0.20479017086869788 -0.9942911151916864 0.011495712024257712  0.10608028495402844 10.450805289265002 
0.09268928482836125 0.005801682027232307  0.9956781794152476 3.9338884477930494 0.012394171422116655 0.9998988264609284  -0.006980068539582503 -0.20624789371367358 -0.9956179392682547 0.012987583597920446  0.09260800008379899 10.478556200351358 
0.08820361751766481 0.003031913891118165  0.9960978512952201 4.083257202734707 0.009907393167446849 0.9999432334027701  -0.003920909669811695 -0.22709247491257067 -0.9960531940701878 0.010214571462868135  0.0881685721354658 10.503754337028681 
0.08627875141893904 0.012138489153549351  0.9961970859898449 4.211991321732737 0.008922805735414983 0.9998762537637628  -0.012956106558356184 -0.2234507701207633 -0.996231077908834 0.010006709769579581  0.08615976536754522 10.509088429893753 
0.07331138898990275 0.014317081478986221  0.9972063284106731 4.347959468418797 0.011250206947679652 0.9998214583804252  -0.015181706283350933 -0.2322587321382148 -0.9972456433035972 0.012331769539025064  0.07313722972625392 10.503216524849307 
0.052643247618844535 0.01672143828994752  0.9984733756999513 4.487917397720247 0.014988879572841955 0.9997339314848885  -0.017532818567446744 -0.22035457544623283 -0.998500887315225 0.015888981694357925  0.05237860528330729 10.502424114889632 
0.03152244475417998 0.01360504335330178  0.9994104453486939 4.638045455644853 0.01453895891644169 0.9997953220274063  -0.01406885658967901 -0.22597499738494875 -0.999397295448785 0.01497387216018999  0.03131818963772637 10.509534329500871 
0.011448141858732885 0.010168166677917832  0.9998827673454486 4.795098916480034 0.014733963872219487 0.9998380213713688  -0.010336407925313876 -0.23995395079982007 -0.9998259100246375 0.014850569234761406  0.011296470103935086 10.515816234415025 
-0.004979014000688231 0.016683868792128673  0.9998484174822242 4.943519524396917 0.018719857245242798 0.9996871543719787  -0.016587957329740426 -0.26488714734546415 -0.9998123705797497 0.01863442797036156  -0.005289775980013234 10.516251832008308 
-0.02358181029687567 0.024748615568157176  0.999415531323474 5.085633094399109 0.022901552361244602 0.9994445683564451  -0.02420895871871201 -0.24620732615361396 -0.9994595625249516 0.022317276049256075  -0.024135493928526985 10.505272338699658 
-0.037932757276020856 0.019572673245812522  0.9990885928622402 5.248171910733522 0.019822801690410584 0.9996261629226509  -0.018830585059428716 -0.2599377307277877 -0.9990836613910674 0.019090439035034767  -0.03830656182520786 10.519390361450093 
-0.046156992112926565 0.02202983970645169  0.9986912527110644 5.398228616891355 0.01838301806404745 0.9996062261854008  -0.021200406086631655 -0.2516931707958463 -0.9987650357946777 0.017380412362462173  -0.046543791639343635 10.521982024378342 
-0.047339769302099155 0.012538371395338446  0.9988001479200814 5.558925562103212 0.01855582930149465 0.9997597063878447  -0.011670933219941965 -0.2646163645520514 -0.9987064771199583 0.017981065764940383  -0.04756105373726549 10.518095264873157 
-0.05315051268324633 0.015115091367409251  0.998472111285269 5.705545518358269 0.02232193756842799 0.9996535776780433  -0.013944738745474878 -0.2732509007605619 -0.9983369942583011 0.02154666211837034  -0.05346949828507386 10.49952555469563 
-0.059033993238434945 0.01843138661511987  0.9980858037412258 5.863375292766694 0.02391315484800269 0.9995687321569242  -0.017044375008036367 -0.2879012925567752 -0.9979695128948279 0.02286118285747939  -0.059449286377693644 10.504711691509371 
-0.05918848615843042 0.02651308332992581  0.9978946735595963 6.013625626940554 0.02388385219953887 0.9993986804105781  -0.025136411790580723 -0.290336396441792 -0.9979610637246242 0.02234578273266509  -0.05978612952584106 10.488334448890537 
-0.06184111016620508 0.02830892624497668  0.9976844600314612 6.175205721339152 0.02016153407185266 0.9994291518299265  -0.02710872583474237 -0.277548737824459 -0.9978823526033924 0.01843841553307048  -0.06237655966265687 10.489574745972963 
-0.05793948006952454 0.020629630508851745  0.9981069256318891 6.349991133591027 0.021517031399591578 0.9995800264963626  -0.019411027517368052 -0.28188725849801566 -0.9980881894948073 0.020351633216999638  -0.058359035430501915 10.486749847840969 
-0.053757258743790226 0.020690457242738602  0.9983396526791067 6.5135517712982605 0.023408239044647776 0.9995366750249204  -0.019454809815448167 -0.31044748754259466 -0.9982796258950605 0.02232353599260289  -0.05421667883230352 10.465985910216421 
-0.05741726258950619 0.027406010874297202  0.9979740319891522 6.673118132246701 0.024246127837145883 0.9993665795357453  -0.02604928006547997 -0.3134323973655784 -0.9980558016672375 0.02270132760397365  -0.058045382963545 10.448554870179379 
-0.0667337571956379 0.03521662454326152  0.997149133784076 6.840713967201625 0.026525567668588986 0.9990863254009165  -0.03350982925580557 -0.31864280527980293 -0.9974181670244499 0.024213710014640184  -0.06760692521416845 10.428069942624514 
-0.07740800512361257 0.03569503942337318  0.9963603087755686 7.022991397373902 0.023379588507064925 0.9991490637846336  -0.033978569415596745 -0.31900982533188404 -0.9967253360801174 0.020664280748529405  -0.07817667118215543 10.436288471379708 
-0.07686219046405474 0.03297308386361868  0.9964963519339097 7.204140783007533 0.02806808151344508 0.9991284543546924  -0.03089521805972435 -0.32915878545359845 -0.9966465704938848 0.025595066698996593  -0.07772069276230065 10.42547133255933 
-0.07714214841217926 0.031682505859975785  0.9965165867966203 7.381505591968102 0.027345625458145163 0.9991862009570022  -0.029650507338260062 -0.3485308249754837 -0.9966450249244493 0.024963065507785116  -0.07794574814444899 10.417512466781186 
-0.075240104471745 0.03877657955126609  0.9964112120793229 7.544154684282496 0.025842700195992503 0.9989838227705836  -0.036925285229110774 -0.3491288022087289 -0.9968305179546126 0.022971693907404174  -0.07616573871081123 10.402511878884198 
-0.07922217784773022 0.03776265566138607  0.9961414700605845 7.715853295538254 0.029818730365797106 0.9989248352834978  -0.03549671496362288 -0.3634419323661948 -0.9964109041236123 0.026891546836067003  -0.08026303540440716 10.37916756033847 
-0.08247447751026193 0.039794035349887846  0.9957983708110701 7.891385468710427 0.027808506512524672 0.9989052992400644  -0.03761502513172403 -0.3579645240494136 -0.9962051232175794 0.024589385935586794  -0.08349080532824305 10.376653085637361 
-0.08227332022633793 0.03749578465663385  0.9959041956493195 8.06553077203944 0.029809568836156968 0.9989374615531826  -0.03514736848593607 -0.38977337226378417 -0.9961638873120915 0.026795783971869415  -0.08330363483423775 10.357257121096264 
-0.08389323685853345 0.04572230651627256  0.995425233503868 8.232696915417428 0.03407490170408284 0.9984941831495614  -0.04299147927609902 -0.38699401692283075 -0.9958919750069559 0.030312322631599508  -0.08532489210905991 10.34765181928033 
-0.08075393762619165 0.047595469508414395  0.9955970434066881 8.401143890527226 0.03226631854800917 0.9984605664433  -0.045115207470243224 -0.4042357059234247 -0.9962116673906323 0.028481020697971593  -0.08216535288537474 10.325908403629242 
-0.08756407183464998 0.05063421518747803  0.9948712025061758 8.573069806992903 0.026277988091595313 0.9984772128251138  -0.04850487409374785 -0.3978884044805273 -0.9958122316308401 0.02189592933265281  -0.08876129569280322 10.317378538003698 
-0.0908022032965119 0.043078043922284516  0.9949368030223471 8.759044869582729 0.026492882611681805 0.9988148944528399  -0.04082810049568793 -0.4283407905128169 -0.9955164926044282 0.022651462447093148  -0.09183585466246491 10.305031045313841 
-0.0966999385224101 0.05161358005115057  0.9939744263531459 8.926837090241568 0.03427870367165473 0.9982348040475684  -0.048499963533014764 -0.4306076854429728 -0.9947231234692159 0.029382211326180827  -0.09829849079833664 10.275284782017101 
-0.10693239162155166 0.05298394500975858  0.9928535466992592 9.103985234830382 0.032197165522065745 0.9982399186149941  -0.04980368877778837 -0.4377996249118097 -0.9937448395611621 0.026641442429661745  -0.10845011475709554 10.26494669260066 
-0.11552582561011504 0.053496598459473584  0.9918628421159686 9.279465494882485 0.032207119856458584 0.9982253478853822  -0.05008848440169978 -0.44167221325309014 -0.9927821941632781 0.026158531923130925  -0.11704377881790018 10.235820674728028 
-0.12701798359582295 0.04176725686986737  0.9910206496823456 9.465594483356549 0.02549897151577655 0.9989203554644104  -0.03883202145773164 -0.45034784317555654 -0.9915726066682607 0.0203376422532857  -0.1279458714171291 10.221221454423986 
-0.141301939126949 0.04307366808075451  0.9890290294612353 9.638385980394299 0.0381529925766181 0.9985477008777885  -0.03803732678739607 -0.4774650596072514 -0.9892310706586266 0.032359669184829805  -0.14274011578332102 10.17762170137387 
-0.15757771915902086 0.0499016363798139  0.9862449437696792 9.820029175522759 0.038235743450648715 0.998281789492045  -0.04440153929016833 -0.48797080244250823 -0.9867660768122388 0.03071311536098254  -0.15921499363252845 10.160290391216853 
-0.1667176593769859 0.05421078547138846  0.9845132872594631 9.991236531367413 0.03780970892013672 0.9981045514184009  -0.04855646557614248 -0.4944852649441933 -0.9852794770841589 0.029128940530813573  -0.16845134864499745 10.124832777468175 
-0.17870122781607956 0.04922097200977358  0.9826714441212989 10.177422501828799 0.03603801564831508 0.9984051706628003  -0.04345545560589917 -0.48833029809519424 -0.9832431706374358 0.027647985608314427  -0.18019005601487836 10.107127709927394 
-0.18345206217354337 0.044649534937087405  0.9820141342741341 10.35373526577344 0.04029746005171111 0.9984698302997916  -0.03786968041172262 -0.5123388466500383 -0.982202349619291 0.03262540438074403  -0.18497061223701938 10.066361870310633 
-0.19825461320502713 0.04792663082118194  0.9789781133411793 10.522813137228924 0.0455342024254792 0.9981757812147308  -0.03964525451850867 -0.5356254788634556 -0.9790923065535754 0.0367171329830092  -0.20007525432473527 10.016424000525872 
-0.21359382441291808 0.055741247591898094  0.9753310163680647 10.690142501025553 0.04347896777830383 0.9979240000027434  -0.047510731203148006 -0.5339963782151407 -0.9759545366120271 0.032258387055512865  -0.21557397554199342 9.98178063499342 
-0.23446498429631157 0.052944854377565596  0.9706817261769529 10.861602806995608 0.0385501863022012 0.9982367512772354  -0.04513614444695434 -0.5336434097449589 -0.9713598994579693 0.02683711598531259  -0.23609259821221618 9.944471535434122 
